# IEEE 118-bus (dispersed candidate set)
# AC/DC-FACTS transmission expansion planning benchmark.
# All-technologies case: candidate AC circuits, VSC-HVDC links, SSSCs,
# STATCOMs and modular capacitor banks are simultaneously available.
# Per-unit on Sbase = 100 MVA. Pure investment objective (CRF = 1,
# OPF_SCALE = 0). Demands are scaled by load_scale = 1.00.
# Reactive demand scaled by 1.6; bulk corridor 25-70 spans 800 km at 500 kV.
# Costs: MISO MTEP24 Transmission Cost Estimation Guide (USD 2024).
# See README.md for parameter derivation and reproduction instructions.
#
param CRF := 1; param OPF_SCALE := 0; param load_scale := 1.00;
param Sbase := 100;
param refbus := 69;
param: BUS: bus_type Gsh Bsh Vmin Vmax :=
  1 2 0.00000 0.00000 0.94 1.06
  2 1 0.00000 0.00000 0.94 1.06
  3 1 0.00000 0.00000 0.94 1.06
  4 2 0.00000 0.00000 0.94 1.06
  5 1 0.00000 -0.40000 0.94 1.06
  6 2 0.00000 0.00000 0.94 1.06
  7 1 0.00000 0.00000 0.94 1.06
  8 2 0.00000 0.00000 0.94 1.06
  9 1 0.00000 0.00000 0.94 1.06
  10 2 0.00000 0.00000 0.94 1.06
  11 1 0.00000 0.00000 0.94 1.06
  12 2 0.00000 0.00000 0.94 1.06
  13 1 0.00000 0.00000 0.94 1.06
  14 1 0.00000 0.00000 0.94 1.06
  15 2 0.00000 0.00000 0.94 1.06
  16 1 0.00000 0.00000 0.94 1.06
  17 1 0.00000 0.00000 0.94 1.06
  18 2 0.00000 0.00000 0.94 1.06
  19 2 0.00000 0.00000 0.94 1.06
  20 1 0.00000 0.00000 0.94 1.06
  21 1 0.00000 0.00000 0.94 1.06
  22 1 0.00000 0.00000 0.94 1.06
  23 1 0.00000 0.00000 0.94 1.06
  24 2 0.00000 0.00000 0.94 1.06
  25 2 0.00000 0.00000 0.94 1.06
  26 2 0.00000 0.00000 0.94 1.06
  27 2 0.00000 0.00000 0.94 1.06
  28 1 0.00000 0.00000 0.94 1.06
  29 1 0.00000 0.00000 0.94 1.06
  30 1 0.00000 0.00000 0.94 1.06
  31 2 0.00000 0.00000 0.94 1.06
  32 2 0.00000 0.00000 0.94 1.06
  33 1 0.00000 0.00000 0.94 1.06
  34 2 0.00000 0.14000 0.94 1.06
  35 1 0.00000 0.00000 0.94 1.06
  36 2 0.00000 0.00000 0.94 1.06
  37 1 0.00000 -0.25000 0.94 1.06
  38 1 0.00000 0.00000 0.94 1.06
  39 1 0.00000 0.00000 0.94 1.06
  40 2 0.00000 0.00000 0.94 1.06
  41 1 0.00000 0.00000 0.94 1.06
  42 2 0.00000 0.00000 0.94 1.06
  43 1 0.00000 0.00000 0.94 1.06
  44 1 0.00000 0.10000 0.94 1.06
  45 1 0.00000 0.10000 0.94 1.06
  46 2 0.00000 0.10000 0.94 1.06
  47 1 0.00000 0.00000 0.94 1.06
  48 1 0.00000 0.15000 0.94 1.06
  49 2 0.00000 0.00000 0.94 1.06
  50 1 0.00000 0.00000 0.94 1.06
  51 1 0.00000 0.00000 0.94 1.06
  52 1 0.00000 0.00000 0.94 1.06
  53 1 0.00000 0.00000 0.94 1.06
  54 2 0.00000 0.00000 0.94 1.06
  55 2 0.00000 0.00000 0.94 1.06
  56 2 0.00000 0.00000 0.94 1.06
  57 1 0.00000 0.00000 0.94 1.06
  58 1 0.00000 0.00000 0.94 1.06
  59 2 0.00000 0.00000 0.94 1.06
  60 1 0.00000 0.00000 0.94 1.06
  61 2 0.00000 0.00000 0.94 1.06
  62 2 0.00000 0.00000 0.94 1.06
  63 1 0.00000 0.00000 0.94 1.06
  64 1 0.00000 0.00000 0.94 1.06
  65 2 0.00000 0.00000 0.94 1.06
  66 2 0.00000 0.00000 0.94 1.06
  67 1 0.00000 0.00000 0.94 1.06
  68 1 0.00000 0.00000 0.94 1.06
  69 3 0.00000 0.00000 0.94 1.06
  70 2 0.00000 0.00000 0.94 1.06
  71 1 0.00000 0.00000 0.94 1.06
  72 2 0.00000 0.00000 0.94 1.06
  73 2 0.00000 0.00000 0.94 1.06
  74 2 0.00000 0.12000 0.94 1.06
  75 1 0.00000 0.00000 0.94 1.06
  76 2 0.00000 0.00000 0.94 1.06
  77 2 0.00000 0.00000 0.94 1.06
  78 1 0.00000 0.00000 0.94 1.06
  79 1 0.00000 0.20000 0.94 1.06
  80 2 0.00000 0.00000 0.94 1.06
  81 1 0.00000 0.00000 0.94 1.06
  82 1 0.00000 0.20000 0.94 1.06
  83 1 0.00000 0.10000 0.94 1.06
  84 1 0.00000 0.00000 0.94 1.06
  85 2 0.00000 0.00000 0.94 1.06
  86 1 0.00000 0.00000 0.94 1.06
  87 2 0.00000 0.00000 0.94 1.06
  88 1 0.00000 0.00000 0.94 1.06
  89 2 0.00000 0.00000 0.94 1.06
  90 2 0.00000 0.00000 0.94 1.06
  91 2 0.00000 0.00000 0.94 1.06
  92 2 0.00000 0.00000 0.94 1.06
  93 1 0.00000 0.00000 0.94 1.06
  94 1 0.00000 0.00000 0.94 1.06
  95 1 0.00000 0.00000 0.94 1.06
  96 1 0.00000 0.00000 0.94 1.06
  97 1 0.00000 0.00000 0.94 1.06
  98 1 0.00000 0.00000 0.94 1.06
  99 2 0.00000 0.00000 0.94 1.06
  100 2 0.00000 0.00000 0.94 1.06
  101 1 0.00000 0.00000 0.94 1.06
  102 1 0.00000 0.00000 0.94 1.06
  103 2 0.00000 0.00000 0.94 1.06
  104 2 0.00000 0.00000 0.94 1.06
  105 2 0.00000 0.20000 0.94 1.06
  106 1 0.00000 0.00000 0.94 1.06
  107 2 0.00000 0.06000 0.94 1.06
  108 1 0.00000 0.00000 0.94 1.06
  109 1 0.00000 0.00000 0.94 1.06
  110 2 0.00000 0.06000 0.94 1.06
  111 2 0.00000 0.00000 0.94 1.06
  112 2 0.00000 0.00000 0.94 1.06
  113 2 0.00000 0.00000 0.94 1.06
  114 1 0.00000 0.00000 0.94 1.06
  115 1 0.00000 0.00000 0.94 1.06
  116 2 0.00000 0.00000 0.94 1.06
  117 1 0.00000 0.00000 0.94 1.06
  118 1 0.00000 0.00000 0.94 1.06
;
param: Pd Qd :=
  1 0.51000 0.43200
  2 0.20000 0.14400
  3 0.39000 0.16000
  4 0.39000 0.19200
  5 0.00000 0.00000
  6 0.52000 0.35200
  7 0.19000 0.03200
  8 0.28000 0.00000
  9 0.00000 0.00000
  10 0.00000 0.00000
  11 0.70000 0.36800
  12 0.47000 0.16000
  13 0.34000 0.25600
  14 0.14000 0.01600
  15 0.90000 0.48000
  16 0.25000 0.16000
  17 0.11000 0.04800
  18 0.60000 0.54400
  19 0.45000 0.40000
  20 0.18000 0.04800
  21 0.14000 0.12800
  22 0.10000 0.08000
  23 0.07000 0.04800
  24 0.13000 0.00000
  25 0.00000 0.00000
  26 0.00000 0.00000
  27 0.71000 0.20800
  28 0.17000 0.11200
  29 0.24000 0.06400
  30 0.00000 0.00000
  31 0.43000 0.43200
  32 0.59000 0.36800
  33 0.23000 0.14400
  34 0.59000 0.41600
  35 0.33000 0.14400
  36 0.31000 0.27200
  37 0.00000 0.00000
  38 0.00000 0.00000
  39 0.27000 0.17600
  40 0.66000 0.36800
  41 0.37000 0.16000
  42 0.96000 0.36800
  43 0.18000 0.11200
  44 0.16000 0.12800
  45 0.53000 0.35200
  46 0.28000 0.16000
  47 0.34000 0.00000
  48 0.20000 0.17600
  49 0.87000 0.48000
  50 0.17000 0.06400
  51 0.17000 0.12800
  52 0.18000 0.08000
  53 0.23000 0.17600
  54 1.13000 0.51200
  55 0.63000 0.35200
  56 0.84000 0.28800
  57 0.12000 0.04800
  58 0.12000 0.04800
  59 2.77000 1.80800
  60 0.78000 0.04800
  61 0.00000 0.00000
  62 0.77000 0.22400
  63 0.00000 0.00000
  64 0.00000 0.00000
  65 0.00000 0.00000
  66 0.39000 0.28800
  67 0.28000 0.11200
  68 0.00000 0.00000
  69 0.00000 0.00000
  70 20.66000 6.72000
  71 0.00000 0.00000
  72 0.12000 0.00000
  73 0.06000 0.00000
  74 0.68000 0.43200
  75 0.47000 0.17600
  76 0.68000 0.57600
  77 0.61000 0.44800
  78 0.71000 0.41600
  79 0.39000 0.51200
  80 1.30000 0.41600
  81 0.00000 0.00000
  82 0.54000 0.43200
  83 0.20000 0.16000
  84 0.11000 0.11200
  85 0.24000 0.24000
  86 0.21000 0.16000
  87 0.00000 0.00000
  88 0.48000 0.16000
  89 0.00000 0.00000
  90 1.63000 0.67200
  91 0.10000 0.00000
  92 0.65000 0.16000
  93 0.12000 0.11200
  94 0.30000 0.25600
  95 0.42000 0.49600
  96 0.38000 0.24000
  97 0.15000 0.14400
  98 0.34000 0.12800
  99 0.42000 0.00000
  100 0.37000 0.28800
  101 0.22000 0.24000
  102 0.05000 0.04800
  103 0.23000 0.25600
  104 0.38000 0.40000
  105 0.31000 0.41600
  106 0.43000 0.25600
  107 0.50000 0.19200
  108 0.02000 0.01600
  109 0.08000 0.04800
  110 0.39000 0.48000
  111 0.00000 0.00000
  112 0.68000 0.20800
  113 0.06000 0.00000
  114 0.08000 0.04800
  115 0.22000 0.11200
  116 1.84000 0.00000
  117 0.20000 0.12800
  118 0.33000 0.24000
;
param: GEN: gen_bus Pgmin Pgmax Qgmin Qgmax cg2 cg1 cg0 :=
  G1  1  0.0000 1.0000  -0.0500 0.1500  100.000000 4000.0000 0.0000
  G2  4  0.0000 1.0000  -3.0000 3.0000  100.000000 4000.0000 0.0000
  G3  6  0.0000 1.0000  -0.1300 0.5000  100.000000 4000.0000 0.0000
  G4  8  0.0000 1.0000  -3.0000 3.0000  100.000000 4000.0000 0.0000
  G5  10  0.0000 5.5000  -1.4700 2.0000  222.222222 2000.0000 0.0000
  G6  12  0.0000 1.8500  -0.3500 1.2000  1176.470590 2000.0000 0.0000
  G7  15  0.0000 1.0000  -0.1000 0.3000  100.000000 4000.0000 0.0000
  G8  18  0.0000 1.0000  -0.1600 0.5000  100.000000 4000.0000 0.0000
  G9  19  0.0000 1.0000  -0.0800 0.2400  100.000000 4000.0000 0.0000
  G10  24  0.0000 1.0000  -3.0000 3.0000  100.000000 4000.0000 0.0000
  G11  25  0.0000 20.0000  -10.0000 12.0000  0.000000 400.0000 0.0000
  G12  26  0.0000 12.0000  -10.0000 10.0000  0.000000 200.0000 0.0000
  G13  27  0.0000 1.0000  -3.0000 3.0000  100.000000 4000.0000 0.0000
  G14  31  0.0000 1.0700  -3.0000 3.0000  14285.714300 2000.0000 0.0000
  G15  32  0.0000 1.0000  -0.1400 0.4200  100.000000 4000.0000 0.0000
  G16  34  0.0000 1.0000  -0.0800 0.2400  100.000000 4000.0000 0.0000
  G17  36  0.0000 1.0000  -0.0800 0.2400  100.000000 4000.0000 0.0000
  G18  40  0.0000 1.0000  -3.0000 3.0000  100.000000 4000.0000 0.0000
  G19  42  0.0000 1.0000  -3.0000 3.0000  100.000000 4000.0000 0.0000
  G20  46  0.0000 1.1900  -1.0000 1.0000  5263.157890 2000.0000 0.0000
  G21  49  0.0000 3.0400  -0.8500 2.1000  490.196078 2000.0000 0.0000
  G22  54  0.0000 1.4800  -3.0000 3.0000  2083.333330 2000.0000 0.0000
  G23  55  0.0000 1.0000  -0.0800 0.2300  100.000000 4000.0000 0.0000
  G24  56  0.0000 1.0000  -0.0800 0.1500  100.000000 4000.0000 0.0000
  G25  59  0.0000 2.5500  -0.6000 1.8000  645.161290 2000.0000 0.0000
  G26  61  0.0000 2.6000  -1.0000 3.0000  625.000000 2000.0000 0.0000
  G27  62  0.0000 1.0000  -0.2000 0.2000  100.000000 4000.0000 0.0000
  G28  65  0.0000 4.9100  -0.6700 2.0000  255.754476 2000.0000 0.0000
  G29  66  0.0000 4.9200  -0.6700 2.0000  255.102041 2000.0000 0.0000
  G30  69  0.0000 8.0520  -3.0000 3.0000  193.648335 2000.0000 0.0000
  G31  70  0.0000 1.0000  -0.1000 0.3200  100.000000 4000.0000 0.0000
  G32  72  0.0000 1.0000  -1.0000 1.0000  100.000000 4000.0000 0.0000
  G33  73  0.0000 1.0000  -1.0000 1.0000  100.000000 4000.0000 0.0000
  G34  74  0.0000 1.0000  -0.0600 0.0900  100.000000 4000.0000 0.0000
  G35  76  0.0000 1.0000  -0.0800 0.2300  100.000000 4000.0000 0.0000
  G36  77  0.0000 1.0000  -0.2000 0.7000  100.000000 4000.0000 0.0000
  G37  80  0.0000 5.7700  -1.6500 2.8000  209.643606 2000.0000 0.0000
  G38  85  0.0000 1.0000  -0.0800 0.2300  100.000000 4000.0000 0.0000
  G39  87  0.0000 1.0400  -1.0000 10.0000  25000.000000 2000.0000 0.0000
  G40  89  0.0000 7.0700  -2.1000 3.0000  164.744646 2000.0000 0.0000
  G41  90  0.0000 1.0000  -3.0000 3.0000  100.000000 4000.0000 0.0000
  G42  91  0.0000 1.0000  -1.0000 1.0000  100.000000 4000.0000 0.0000
  G43  92  0.0000 1.0000  -0.0300 0.0900  100.000000 4000.0000 0.0000
  G44  99  0.0000 1.0000  -1.0000 1.0000  100.000000 4000.0000 0.0000
  G45  100  0.0000 3.5200  -0.5000 1.5500  396.825397 2000.0000 0.0000
  G46  103  0.0000 1.4000  -0.1500 0.4000  2500.000000 2000.0000 0.0000
  G47  104  0.0000 1.0000  -0.0800 0.2300  100.000000 4000.0000 0.0000
  G48  105  0.0000 1.0000  -0.0800 0.2300  100.000000 4000.0000 0.0000
  G49  107  0.0000 1.0000  -2.0000 2.0000  100.000000 4000.0000 0.0000
  G50  110  0.0000 1.0000  -0.0800 0.2300  100.000000 4000.0000 0.0000
  G51  111  0.0000 1.3600  -1.0000 10.0000  2777.777780 2000.0000 0.0000
  G52  112  0.0000 1.0000  -1.0000 10.0000  100.000000 4000.0000 0.0000
  G53  113  0.0000 1.0000  -1.0000 2.0000  100.000000 4000.0000 0.0000
  G54  116  0.0000 1.0000  -10.0000 10.0000  100.000000 4000.0000 0.0000
;
param: ELINE: el_f el_t el_r el_x el_bch el_S el_tap el_tside :=
  E1  1 2  0.0303 0.0999 0.0254  3.94  1.000000  1
  E2  1 3  0.0129 0.0424 0.01082  3.94  1.000000  1
  E3  4 5  0.00176 0.00798 0.0021  3.94  1.000000  1
  E4  3 5  0.0241 0.108 0.0284  3.94  1.000000  1
  E5  5 6  0.0119 0.054 0.01426  3.94  1.000000  1
  E6  6 7  0.00459 0.0208 0.0055  3.94  1.000000  1
  E7  8 9  0.00244 0.0305 1.162  17.92  1.000000  1
  E8  5 8  0 0.0267 0  17.92  0.985000  2
  E9  9 10  0.00258 0.0322 1.23  17.92  1.000000  1
  E10  4 11  0.0209 0.0688 0.01748  3.94  1.000000  1
  E11  5 11  0.0203 0.0682 0.01738  3.94  1.000000  1
  E12  11 12  0.00595 0.0196 0.00502  3.94  1.000000  1
  E13  2 12  0.0187 0.0616 0.01572  3.94  1.000000  1
  E14  3 12  0.0484 0.16 0.0406  3.94  1.000000  1
  E15  7 12  0.00862 0.034 0.00874  3.94  1.000000  1
  E16  11 13  0.02225 0.0731 0.01876  3.94  1.000000  1
  E17  12 14  0.0215 0.0707 0.01816  3.94  1.000000  1
  E18  13 15  0.0744 0.2444 0.06268  3.94  1.000000  1
  E19  14 15  0.0595 0.195 0.0502  3.94  1.000000  1
  E20  12 16  0.0212 0.0834 0.0214  3.94  1.000000  1
  E21  15 17  0.0132 0.0437 0.0444  3.94  1.000000  1
  E22  16 17  0.0454 0.1801 0.0466  3.94  1.000000  1
  E23  17 18  0.0123 0.0505 0.01298  3.94  1.000000  1
  E24  18 19  0.01119 0.0493 0.01142  3.94  1.000000  1
  E25  19 20  0.0252 0.117 0.0298  3.94  1.000000  1
  E26  15 19  0.012 0.0394 0.0101  3.94  1.000000  1
  E27  20 21  0.0183 0.0849 0.0216  3.94  1.000000  1
  E28  21 22  0.0209 0.097 0.0246  3.94  1.000000  1
  E29  22 23  0.0342 0.159 0.0404  3.94  1.000000  1
  E30  23 24  0.0135 0.0492 0.0498  3.94  1.000000  1
  E31  23 25  0.0156 0.08 0.0864  3.94  1.000000  1
  E32  25 26  0 0.0382 0  17.92  0.960000  2
  E33  25 27  0.0318 0.163 0.1764  3.94  1.000000  1
  E34  27 28  0.01913 0.0855 0.0216  3.94  1.000000  1
  E35  28 29  0.0237 0.0943 0.0238  3.94  1.000000  1
  E36  17 30  0 0.0388 0  17.92  0.960000  2
  E37  8 30  0.00431 0.0504 0.514  17.92  1.000000  1
  E38  26 30  0.00799 0.086 0.908  17.92  1.000000  1
  E39  17 31  0.0474 0.1563 0.0399  3.94  1.000000  1
  E40  29 31  0.0108 0.0331 0.0083  3.94  1.000000  1
  E41  23 32  0.0317 0.1153 0.1173  3.94  1.000000  1
  E42  31 32  0.0298 0.0985 0.0251  3.94  1.000000  1
  E43  27 32  0.0229 0.0755 0.01926  3.94  1.000000  1
  E44  15 33  0.038 0.1244 0.03194  3.94  1.000000  1
  E45  19 34  0.0752 0.247 0.0632  3.94  1.000000  1
  E46  35 36  0.00224 0.0102 0.00268  3.94  1.000000  1
  E47  35 37  0.011 0.0497 0.01318  3.94  1.000000  1
  E48  33 37  0.0415 0.142 0.0366  3.94  1.000000  1
  E49  34 36  0.00871 0.0268 0.00568  3.94  1.000000  1
  E50  34 37  0.00256 0.0094 0.00984  3.94  1.000000  1
  E51  37 38  0 0.0375 0  17.92  0.935000  2
  E52  37 39  0.0321 0.106 0.027  3.94  1.000000  1
  E53  37 40  0.0593 0.168 0.042  3.94  1.000000  1
  E54  30 38  0.00464 0.054 0.422  17.92  1.000000  1
  E55  39 40  0.0184 0.0605 0.01552  3.94  1.000000  1
  E56  40 41  0.0145 0.0487 0.01222  3.94  1.000000  1
  E57  40 42  0.0555 0.183 0.0466  3.94  1.000000  1
  E58  41 42  0.041 0.135 0.0344  3.94  1.000000  1
  E59  43 44  0.0608 0.2454 0.06068  3.94  1.000000  1
  E60  34 43  0.0413 0.1681 0.04226  3.94  1.000000  1
  E61  44 45  0.0224 0.0901 0.0224  3.94  1.000000  1
  E62  45 46  0.04 0.1356 0.0332  3.94  1.000000  1
  E63  46 47  0.038 0.127 0.0316  3.94  1.000000  1
  E64  46 48  0.0601 0.189 0.0472  3.94  1.000000  1
  E65  47 49  0.0191 0.0625 0.01604  3.94  1.000000  1
  E66  42 49  0.0715 0.323 0.086  3.94  1.000000  1
  E67  42 49  0.0715 0.323 0.086  3.94  1.000000  1
  E68  45 49  0.0684 0.186 0.0444  3.94  1.000000  1
  E69  48 49  0.0179 0.0505 0.01258  3.94  1.000000  1
  E70  49 50  0.0267 0.0752 0.01874  3.94  1.000000  1
  E71  49 51  0.0486 0.137 0.0342  3.94  1.000000  1
  E72  51 52  0.0203 0.0588 0.01396  3.94  1.000000  1
  E73  52 53  0.0405 0.1635 0.04058  3.94  1.000000  1
  E74  53 54  0.0263 0.122 0.031  3.94  1.000000  1
  E75  49 54  0.073 0.289 0.0738  3.94  1.000000  1
  E76  49 54  0.0869 0.291 0.073  3.94  1.000000  1
  E77  54 55  0.0169 0.0707 0.0202  3.94  1.000000  1
  E78  54 56  0.00275 0.00955 0.00732  3.94  1.000000  1
  E79  55 56  0.00488 0.0151 0.00374  3.94  1.000000  1
  E80  56 57  0.0343 0.0966 0.0242  3.94  1.000000  1
  E81  50 57  0.0474 0.134 0.0332  3.94  1.000000  1
  E82  56 58  0.0343 0.0966 0.0242  3.94  1.000000  1
  E83  51 58  0.0255 0.0719 0.01788  3.94  1.000000  1
  E84  54 59  0.0503 0.2293 0.0598  3.94  1.000000  1
  E85  56 59  0.0825 0.251 0.0569  3.94  1.000000  1
  E86  56 59  0.0803 0.239 0.0536  3.94  1.000000  1
  E87  55 59  0.04739 0.2158 0.05646  3.94  1.000000  1
  E88  59 60  0.0317 0.145 0.0376  3.94  1.000000  1
  E89  59 61  0.0328 0.15 0.0388  3.94  1.000000  1
  E90  60 61  0.00264 0.0135 0.01456  3.94  1.000000  1
  E91  60 62  0.0123 0.0561 0.01468  3.94  1.000000  1
  E92  61 62  0.00824 0.0376 0.0098  3.94  1.000000  1
  E93  59 63  0 0.0386 0  17.92  0.960000  2
  E94  63 64  0.00172 0.02 0.216  17.92  1.000000  1
  E95  61 64  0 0.0268 0  17.92  0.985000  2
  E96  38 65  0.00901 0.0986 1.046  17.92  1.000000  1
  E97  64 65  0.00269 0.0302 0.38  17.92  1.000000  1
  E98  49 66  0.018 0.0919 0.0248  3.94  1.000000  1
  E99  49 66  0.018 0.0919 0.0248  3.94  1.000000  1
  E100  62 66  0.0482 0.218 0.0578  3.94  1.000000  1
  E101  62 67  0.0258 0.117 0.031  3.94  1.000000  1
  E102  65 66  0 0.037 0  17.92  0.935000  1
  E103  66 67  0.0224 0.1015 0.02682  3.94  1.000000  1
  E104  65 68  0.00138 0.016 0.638  17.92  1.000000  1
  E105  47 69  0.0844 0.2778 0.07092  3.94  1.000000  1
  E106  49 69  0.0985 0.324 0.0828  3.94  1.000000  1
  E107  68 69  0 0.037 0  17.92  0.935000  1
  E108  69 70  0.03 0.127 0.122  3.94  1.000000  1
  E109  24 70  0.00221 0.4115 0.10198  3.94  1.000000  1
  E110  70 71  0.00882 0.0355 0.00878  3.94  1.000000  1
  E111  24 72  0.0488 0.196 0.0488  3.94  1.000000  1
  E112  71 72  0.0446 0.18 0.04444  3.94  1.000000  1
  E113  71 73  0.00866 0.0454 0.01178  3.94  1.000000  1
  E114  70 74  0.0401 0.1323 0.03368  3.94  1.000000  1
  E115  70 75  0.0428 0.141 0.036  3.94  1.000000  1
  E116  69 75  0.0405 0.122 0.124  3.94  1.000000  1
  E117  74 75  0.0123 0.0406 0.01034  3.94  1.000000  1
  E118  76 77  0.0444 0.148 0.0368  3.94  1.000000  1
  E119  69 77  0.0309 0.101 0.1038  3.94  1.000000  1
  E120  75 77  0.0601 0.1999 0.04978  3.94  1.000000  1
  E121  77 78  0.00376 0.0124 0.01264  3.94  1.000000  1
  E122  78 79  0.00546 0.0244 0.00648  3.94  1.000000  1
  E123  77 80  0.017 0.0485 0.0472  3.94  1.000000  1
  E124  77 80  0.0294 0.105 0.0228  3.94  1.000000  1
  E125  79 80  0.0156 0.0704 0.0187  3.94  1.000000  1
  E126  68 81  0.00175 0.0202 0.808  17.92  1.000000  1
  E127  80 81  0 0.037 0  17.92  0.935000  2
  E128  77 82  0.0298 0.0853 0.08174  3.94  1.000000  1
  E129  82 83  0.0112 0.03665 0.03796  3.94  1.000000  1
  E130  83 84  0.0625 0.132 0.0258  3.94  1.000000  1
  E131  83 85  0.043 0.148 0.0348  3.94  1.000000  1
  E132  84 85  0.0302 0.0641 0.01234  3.94  1.000000  1
  E133  85 86  0.035 0.123 0.0276  3.94  1.000000  1
  E134  86 87  0.02828 0.2074 0.0445  17.92  1.000000  1
  E135  85 88  0.02 0.102 0.0276  3.94  1.000000  1
  E136  85 89  0.0239 0.173 0.047  3.94  1.000000  1
  E137  88 89  0.0139 0.0712 0.01934  3.94  1.000000  1
  E138  89 90  0.0518 0.188 0.0528  3.94  1.000000  1
  E139  89 90  0.0238 0.0997 0.106  3.94  1.000000  1
  E140  90 91  0.0254 0.0836 0.0214  3.94  1.000000  1
  E141  89 92  0.0099 0.0505 0.0548  3.94  1.000000  1
  E142  89 92  0.0393 0.1581 0.0414  3.94  1.000000  1
  E143  91 92  0.0387 0.1272 0.03268  3.94  1.000000  1
  E144  92 93  0.0258 0.0848 0.0218  3.94  1.000000  1
  E145  92 94  0.0481 0.158 0.0406  3.94  1.000000  1
  E146  93 94  0.0223 0.0732 0.01876  3.94  1.000000  1
  E147  94 95  0.0132 0.0434 0.0111  3.94  1.000000  1
  E148  80 96  0.0356 0.182 0.0494  3.94  1.000000  1
  E149  82 96  0.0162 0.053 0.0544  3.94  1.000000  1
  E150  94 96  0.0269 0.0869 0.023  3.94  1.000000  1
  E151  80 97  0.0183 0.0934 0.0254  3.94  1.000000  1
  E152  80 98  0.0238 0.108 0.0286  3.94  1.000000  1
  E153  80 99  0.0454 0.206 0.0546  3.94  1.000000  1
  E154  92 100  0.0648 0.295 0.0472  3.94  1.000000  1
  E155  94 100  0.0178 0.058 0.0604  3.94  1.000000  1
  E156  95 96  0.0171 0.0547 0.01474  3.94  1.000000  1
  E157  96 97  0.0173 0.0885 0.024  3.94  1.000000  1
  E158  98 100  0.0397 0.179 0.0476  3.94  1.000000  1
  E159  99 100  0.018 0.0813 0.0216  3.94  1.000000  1
  E160  100 101  0.0277 0.1262 0.0328  3.94  1.000000  1
  E161  92 102  0.0123 0.0559 0.01464  3.94  1.000000  1
  E162  101 102  0.0246 0.112 0.0294  3.94  1.000000  1
  E163  100 103  0.016 0.0525 0.0536  3.94  1.000000  1
  E164  100 104  0.0451 0.204 0.0541  3.94  1.000000  1
  E165  103 104  0.0466 0.1584 0.0407  3.94  1.000000  1
  E166  103 105  0.0535 0.1625 0.0408  3.94  1.000000  1
  E167  100 106  0.0605 0.229 0.062  3.94  1.000000  1
  E168  104 105  0.00994 0.0378 0.00986  3.94  1.000000  1
  E169  105 106  0.014 0.0547 0.01434  3.94  1.000000  1
  E170  105 107  0.053 0.183 0.0472  3.94  1.000000  1
  E171  105 108  0.0261 0.0703 0.01844  3.94  1.000000  1
  E172  106 107  0.053 0.183 0.0472  3.94  1.000000  1
  E173  108 109  0.0105 0.0288 0.0076  3.94  1.000000  1
  E174  103 110  0.03906 0.1813 0.0461  3.94  1.000000  1
  E175  109 110  0.0278 0.0762 0.0202  3.94  1.000000  1
  E176  110 111  0.022 0.0755 0.02  3.94  1.000000  1
  E177  110 112  0.0247 0.064 0.062  3.94  1.000000  1
  E178  17 113  0.00913 0.0301 0.00768  3.94  1.000000  1
  E179  32 113  0.0615 0.203 0.0518  3.94  1.000000  1
  E180  32 114  0.0135 0.0612 0.01628  3.94  1.000000  1
  E181  27 115  0.0164 0.0741 0.01972  3.94  1.000000  1
  E182  114 115  0.0023 0.0104 0.00276  3.94  1.000000  1
  E183  68 116  0.00034 0.00405 0.164  17.92  1.000000  1
  E184  12 117  0.0329 0.14 0.0358  3.94  1.000000  1
  E185  75 118  0.0145 0.0481 0.01198  3.94  1.000000  1
  E186  76 118  0.0164 0.0544 0.01356  3.94  1.000000  1
;
param: LCAN: lc_f lc_t lc_r lc_x lc_bch lc_S lc_Nmax lc_cost :=
  H1 12 117 0.0329 0.14 0.0358 3.94 3 85.92
  H2 77 78 0.00376 0.0124 0.01264 3.94 3 10.71
  H3 5 8 0 0.0267 0 17.92 3 17.93
  H4 3 5 0.0241 0.108 0.0284 3.94 3 67.06
  H5 93 94 0.0223 0.0732 0.01876 3.94 3 46.55
  H6 99 100 0.018 0.0813 0.0216 3.94 3 51.32
  H7 26 30 0.00799 0.086 0.908 17.92 3 704.72
  H8 25 27 0.0318 0.163 0.1764 3.94 3 99.48
  H9 8 9 0.00244 0.0305 1.162 17.92 3 254.32
  H10 82 83 0.0112 0.03665 0.03796 3.94 3 25.00
  H11 17 113 0.00913 0.0301 0.00768 3.94 3 21.14
  H12 37 38 0 0.0375 0 17.92 3 17.93
  H13 9 10 0.00258 0.0322 1.23 17.92 3 268.11
  H14 94 100 0.0178 0.058 0.0604 3.94 3 37.59
  H15 23 32 0.0317 0.1153 0.1173 3.94 3 71.36
  H16 15 17 0.0132 0.0437 0.0444 3.94 3 29.16
  H17 23 25 0.0156 0.08 0.0864 3.94 3 50.56
  H18 25 70 0.009 0.0896 3.7 26.00 3 2410.0
  H19 69 70  0.03 0.127 0.122  3.94  3  78.3
  H20 24 70  0.00221 0.4115 0.10198  3.94  3  246.0
  H21 70 71  0.00882 0.0355 0.00878  3.94  3  24.3
  H22 70 74  0.0401 0.1323 0.03368  3.94  3  81.4
  H23 70 75  0.0428 0.141 0.036  3.94  3  86.5
  A1 1 2 0.0303 0.0999 0.0254 3.94 3 62.28
  A2 1 3 0.0129 0.0424 0.01082 3.94 3 28.39
  A3 4 5 0.00176 0.00798 0.0021 3.94 3 8.10
  A4 3 5 0.0241 0.108 0.0284 3.94 3 67.06
  A5 5 6 0.0119 0.054 0.01426 3.94 3 35.23
  A6 6 7 0.00459 0.0208 0.0055 3.94 3 15.66
  A7 8 9 0.00244 0.0305 1.162 17.92 3 254.33
;
set EDC := 1 2 3 4 5 6 7 8 9 10 11 12 13 14 15 16 17 18 19 20 21 22 23 24 25 26 27 28 29 30 31 32 33 34 35 36 ;
param: Udcmin Udcmax :=
  1  0.9 1.1
  2  0.9 1.1
  3  0.9 1.1
  4  0.9 1.1
  5  0.9 1.1
  6  0.9 1.1
  7  0.9 1.1
  8  0.9 1.1
  9  0.9 1.1
  10  0.9 1.1
  11  0.9 1.1
  12  0.9 1.1
  13  0.9 1.1
  14  0.9 1.1
  15  0.9 1.1
  16  0.9 1.1
  17  0.9 1.1
  18  0.9 1.1
  19  0.9 1.1
  20  0.9 1.1
  21  0.9 1.1
  22  0.9 1.1
  23  0.9 1.1
  24  0.9 1.1
  25  0.9 1.1
  26  0.9 1.1
  27  0.9 1.1
  28  0.9 1.1
  29  0.9 1.1
  30  0.9 1.1
  31  0.9 1.1
  32  0.9 1.1
  33  0.9 1.1
  34  0.9 1.1
  35  0.9 1.1
  36  0.9 1.1
;
param: DDC: dc_f dc_t dc_r dc_p dc_rate dc_exist dc_cost :=
  DL1  1 2  0.001829  1  5.0  0  95.2
  DL2  3 4  0.000161  1  5.0  0  8.4
  DL3  5 6  0.002773  1  5.0  0  144.4
  DL4  7 8  0.001411  1  5.0  0  73.5
  DL5  9 10  0.000956  1  5.0  0  49.8
  DL6  11 12  0.001063  1  5.0  0  55.3
  DL7  13 14  0.008934  1  5.0  0  465.3
  DL8  15 16  0.002128  1  5.0  0  110.9
  DL9  17 18  0.003168  1  5.0  0  165.0
  DL10  19 20  0.000478  1  5.0  0  24.9
  DL11  21 22  0.000392  1  5.0  0  20.4
  DL12  23 24  0.003897  1  5.0  0  203.0
  DL13  25 26  0.003344  1  5.0  0  174.1
  DL14  27 28  0.000757  1  5.0  0  39.5
  DL15  29 30  0.001506  1  5.0  0  78.4
  DL16  31 32  0.000570  1  5.0  0  29.7
  DL17  33 34  0.001045  1  5.0  0  54.4
  DL18 35 36  0.007  1  10.0  0  1400.0
;
param: CONV: cv_iac cv_edc cv_exist cv_haveTf cv_rtf cv_xtf cv_tap cv_haveRe cv_rc cv_xc cv_bf cv_Ufmin cv_Ufmax cv_Ucmin cv_Ucmax cv_Imax cv_Srated cv_Pacmax cv_Pacmin cv_Qacmax cv_Qacmin cv_Pdcmax cv_Pdcmin cv_Idcmax cv_la cv_lb cv_lc cv_cost :=
  DA1  12  1  0 1 0.0001818 0.01818 1 1 0.0001273 0.01273 0 0.9 1.1 0.9 1.1 5.5 5.5 5.0 -5.0 2.2913 -2.2913 5.0 -5.0 6.0 0.015 0.006061 0.000459 159
  DB1  117  2  0 1 0.0001818 0.01818 1 1 0.0001273 0.01273 0 0.9 1.1 0.9 1.1 5.5 5.5 5.0 -5.0 2.2913 -2.2913 5.0 -5.0 6.0 0.015 0.006061 0.000459 159
  DA2  77  3  0 1 0.0001818 0.01818 1 1 0.0001273 0.01273 0 0.9 1.1 0.9 1.1 5.5 5.5 5.0 -5.0 2.2913 -2.2913 5.0 -5.0 6.0 0.015 0.006061 0.000459 159
  DB2  78  4  0 1 0.0001818 0.01818 1 1 0.0001273 0.01273 0 0.9 1.1 0.9 1.1 5.5 5.5 5.0 -5.0 2.2913 -2.2913 5.0 -5.0 6.0 0.015 0.006061 0.000459 159
  DA3  5  5  0 1 0.0001818 0.01818 1 1 0.0001273 0.01273 0 0.9 1.1 0.9 1.1 5.5 5.5 5.0 -5.0 2.2913 -2.2913 5.0 -5.0 6.0 0.015 0.006061 0.000459 159
  DB3  8  6  0 1 0.0001818 0.01818 1 1 0.0001273 0.01273 0 0.9 1.1 0.9 1.1 5.5 5.5 5.0 -5.0 2.2913 -2.2913 5.0 -5.0 6.0 0.015 0.006061 0.000459 159
  DA4  3  7  0 1 0.0001818 0.01818 1 1 0.0001273 0.01273 0 0.9 1.1 0.9 1.1 5.5 5.5 5.0 -5.0 2.2913 -2.2913 5.0 -5.0 6.0 0.015 0.006061 0.000459 159
  DB4  5  8  0 1 0.0001818 0.01818 1 1 0.0001273 0.01273 0 0.9 1.1 0.9 1.1 5.5 5.5 5.0 -5.0 2.2913 -2.2913 5.0 -5.0 6.0 0.015 0.006061 0.000459 159
  DA5  93  9  0 1 0.0001818 0.01818 1 1 0.0001273 0.01273 0 0.9 1.1 0.9 1.1 5.5 5.5 5.0 -5.0 2.2913 -2.2913 5.0 -5.0 6.0 0.015 0.006061 0.000459 159
  DB5  94  10  0 1 0.0001818 0.01818 1 1 0.0001273 0.01273 0 0.9 1.1 0.9 1.1 5.5 5.5 5.0 -5.0 2.2913 -2.2913 5.0 -5.0 6.0 0.015 0.006061 0.000459 159
  DA6  99  11  0 1 0.0001818 0.01818 1 1 0.0001273 0.01273 0 0.9 1.1 0.9 1.1 5.5 5.5 5.0 -5.0 2.2913 -2.2913 5.0 -5.0 6.0 0.015 0.006061 0.000459 159
  DB6  100  12  0 1 0.0001818 0.01818 1 1 0.0001273 0.01273 0 0.9 1.1 0.9 1.1 5.5 5.5 5.0 -5.0 2.2913 -2.2913 5.0 -5.0 6.0 0.015 0.006061 0.000459 159
  DA7  26  13  0 1 0.0001818 0.01818 1 1 0.0001273 0.01273 0 0.9 1.1 0.9 1.1 5.5 5.5 5.0 -5.0 2.2913 -2.2913 5.0 -5.0 6.0 0.015 0.006061 0.000459 159
  DB7  30  14  0 1 0.0001818 0.01818 1 1 0.0001273 0.01273 0 0.9 1.1 0.9 1.1 5.5 5.5 5.0 -5.0 2.2913 -2.2913 5.0 -5.0 6.0 0.015 0.006061 0.000459 159
  DA8  25  15  0 1 0.0001818 0.01818 1 1 0.0001273 0.01273 0 0.9 1.1 0.9 1.1 5.5 5.5 5.0 -5.0 2.2913 -2.2913 5.0 -5.0 6.0 0.015 0.006061 0.000459 159
  DB8  27  16  0 1 0.0001818 0.01818 1 1 0.0001273 0.01273 0 0.9 1.1 0.9 1.1 5.5 5.5 5.0 -5.0 2.2913 -2.2913 5.0 -5.0 6.0 0.015 0.006061 0.000459 159
  DA9  8  17  0 1 0.0001818 0.01818 1 1 0.0001273 0.01273 0 0.9 1.1 0.9 1.1 5.5 5.5 5.0 -5.0 2.2913 -2.2913 5.0 -5.0 6.0 0.015 0.006061 0.000459 159
  DB9  9  18  0 1 0.0001818 0.01818 1 1 0.0001273 0.01273 0 0.9 1.1 0.9 1.1 5.5 5.5 5.0 -5.0 2.2913 -2.2913 5.0 -5.0 6.0 0.015 0.006061 0.000459 159
  DA10  82  19  0 1 0.0001818 0.01818 1 1 0.0001273 0.01273 0 0.9 1.1 0.9 1.1 5.5 5.5 5.0 -5.0 2.2913 -2.2913 5.0 -5.0 6.0 0.015 0.006061 0.000459 159
  DB10  83  20  0 1 0.0001818 0.01818 1 1 0.0001273 0.01273 0 0.9 1.1 0.9 1.1 5.5 5.5 5.0 -5.0 2.2913 -2.2913 5.0 -5.0 6.0 0.015 0.006061 0.000459 159
  DA11  17  21  0 1 0.0001818 0.01818 1 1 0.0001273 0.01273 0 0.9 1.1 0.9 1.1 5.5 5.5 5.0 -5.0 2.2913 -2.2913 5.0 -5.0 6.0 0.015 0.006061 0.000459 159
  DB11  113  22  0 1 0.0001818 0.01818 1 1 0.0001273 0.01273 0 0.9 1.1 0.9 1.1 5.5 5.5 5.0 -5.0 2.2913 -2.2913 5.0 -5.0 6.0 0.015 0.006061 0.000459 159
  DA12  37  23  0 1 0.0001818 0.01818 1 1 0.0001273 0.01273 0 0.9 1.1 0.9 1.1 5.5 5.5 5.0 -5.0 2.2913 -2.2913 5.0 -5.0 6.0 0.015 0.006061 0.000459 159
  DB12  38  24  0 1 0.0001818 0.01818 1 1 0.0001273 0.01273 0 0.9 1.1 0.9 1.1 5.5 5.5 5.0 -5.0 2.2913 -2.2913 5.0 -5.0 6.0 0.015 0.006061 0.000459 159
  DA13  9  25  0 1 0.0001818 0.01818 1 1 0.0001273 0.01273 0 0.9 1.1 0.9 1.1 5.5 5.5 5.0 -5.0 2.2913 -2.2913 5.0 -5.0 6.0 0.015 0.006061 0.000459 159
  DB13  10  26  0 1 0.0001818 0.01818 1 1 0.0001273 0.01273 0 0.9 1.1 0.9 1.1 5.5 5.5 5.0 -5.0 2.2913 -2.2913 5.0 -5.0 6.0 0.015 0.006061 0.000459 159
  DA14  94  27  0 1 0.0001818 0.01818 1 1 0.0001273 0.01273 0 0.9 1.1 0.9 1.1 5.5 5.5 5.0 -5.0 2.2913 -2.2913 5.0 -5.0 6.0 0.015 0.006061 0.000459 159
  DB14  100  28  0 1 0.0001818 0.01818 1 1 0.0001273 0.01273 0 0.9 1.1 0.9 1.1 5.5 5.5 5.0 -5.0 2.2913 -2.2913 5.0 -5.0 6.0 0.015 0.006061 0.000459 159
  DA15  23  29  0 1 0.0001818 0.01818 1 1 0.0001273 0.01273 0 0.9 1.1 0.9 1.1 5.5 5.5 5.0 -5.0 2.2913 -2.2913 5.0 -5.0 6.0 0.015 0.006061 0.000459 159
  DB15  32  30  0 1 0.0001818 0.01818 1 1 0.0001273 0.01273 0 0.9 1.1 0.9 1.1 5.5 5.5 5.0 -5.0 2.2913 -2.2913 5.0 -5.0 6.0 0.015 0.006061 0.000459 159
  DA16  15  31  0 1 0.0001818 0.01818 1 1 0.0001273 0.01273 0 0.9 1.1 0.9 1.1 5.5 5.5 5.0 -5.0 2.2913 -2.2913 5.0 -5.0 6.0 0.015 0.006061 0.000459 159
  DB16  17  32  0 1 0.0001818 0.01818 1 1 0.0001273 0.01273 0 0.9 1.1 0.9 1.1 5.5 5.5 5.0 -5.0 2.2913 -2.2913 5.0 -5.0 6.0 0.015 0.006061 0.000459 159
  DA17  23  33  0 1 0.0001818 0.01818 1 1 0.0001273 0.01273 0 0.9 1.1 0.9 1.1 5.5 5.5 5.0 -5.0 2.2913 -2.2913 5.0 -5.0 6.0 0.015 0.006061 0.000459 159
  DB17  25  34  0 1 0.0001818 0.01818 1 1 0.0001273 0.01273 0 0.9 1.1 0.9 1.1 5.5 5.5 5.0 -5.0 2.2913 -2.2913 5.0 -5.0 6.0 0.015 0.006061 0.000459 159
  DV35 25 35 0 1 0.0001 0.01 1 1 0.00007 0.007 0 0.9 1.1 0.9 1.1 11.0 11.0 10.0 -10.0 5.0 -5.0 10.0 -10.0 12.0 0.03 0.006061 0.000003 230.5
  DV36 70 36 0 1 0.0001 0.01 1 1 0.00007 0.007 0 0.9 1.1 0.9 1.1 11.0 11.0 10.0 -10.0 5.0 -5.0 10.0 -10.0 12.0 0.03 0.006061 0.000003 230.5
;
param: NST: st_bus st_g st_b st_Vmin st_Vmax st_S st_cost :=
  ST1  59  0  -10  0.9  1.1  1.5  35.6
  ST2  90  0  -10  0.9  1.1  1.5  35.6
  ST3  76  0  -10  0.9  1.1  1.5  35.6
  ST4  18  0  -10  0.9  1.1  1.5  35.6
  ST5  79  0  -10  0.9  1.1  1.5  35.6
  ST6  54  0  -10  0.9  1.1  1.5  35.6
  ST7  95  0  -10  0.9  1.1  1.5  35.6
  ST8  15  0  -10  0.9  1.1  1.5  35.6
  ST9  49  0  -10  0.9  1.1  1.5  35.6
  ST10  110  0  -10  0.9  1.1  1.5  35.6
  ST11  77  0  -10  0.9  1.1  1.5  35.6
  ST12  82  0  -10  0.9  1.1  1.5  35.6
;
param: LSC: sc_line sc_r sc_x sc_Vmax sc_S sc_Sabs sc_cost :=
  SC1  E109  0.00221  0.4115  0.2  2.0  0.3  6.5
  SC2  E106  0.0985  0.324  0.2  2.0  0.3  6.5
  SC3  E66  0.0715  0.323  0.2  2.0  0.3  6.5
  SC4  E67  0.0715  0.323  0.2  2.0  0.3  6.5
  SC5  E154  0.0648  0.295  0.2  2.0  0.3  6.5
  SC6  E76  0.0869  0.291  0.2  2.0  0.3  6.5
;
param: NBC: bc_bus bc_Hmax bc_qmod bc_cmod :=
  BC1  1  1  0.5  0.59
  BC6  6  1  0.5  0.59
  BC11  11  1  0.5  0.59
  BC12  12  1  0.5  0.59
  BC13  13  1  0.5  0.59
  BC15  15  1  0.5  0.59
  BC18  18  1  0.5  0.59
  BC19  19  1  0.5  0.59
  BC27  27  1  0.5  0.59
  BC31  31  1  0.5  0.59
  BC32  32  1  0.5  0.59
  BC34  34  1  0.5  0.59
  BC36  36  1  0.5  0.59
  BC40  40  1  0.5  0.59
  BC42  42  1  0.5  0.59
  BC45  45  1  0.5  0.59
  BC49  49  1  0.5  0.59
  BC54  54  1  0.5  0.59
  BC55  55  1  0.5  0.59
  BC56  56  1  0.5  0.59
  BC59  59  1  0.5  0.59
  BC60  60  1  0.5  0.59
  BC62  62  1  0.5  0.59
  BC66  66  1  0.5  0.59
  BC70  70  1  0.5  0.59
  BC74  74  1  0.5  0.59
  BC75  75  1  0.5  0.59
  BC76  76  1  0.5  0.59
  BC77  77  1  0.5  0.59
  BC78  78  1  0.5  0.59
  BC79  79  1  0.5  0.59
  BC80  80  1  0.5  0.59
  BC82  82  1  0.5  0.59
  BC85  85  1  0.5  0.59
  BC88  88  1  0.5  0.59
  BC90  90  1  0.5  0.59
  BC92  92  1  0.5  0.59
  BC94  94  1  0.5  0.59
  BC95  95  1  0.5  0.59
  BC96  96  1  0.5  0.59
  BC100  100  1  0.5  0.59
  BC101  101  1  0.5  0.59
  BC103  103  1  0.5  0.59
  BC104  104  1  0.5  0.59
  BC105  105  1  0.5  0.59
  BC106  106  1  0.5  0.59
  BC110  110  1  0.5  0.59
  BC118  118  1  0.5  0.59
;
param tan_amax := 0.8391;
param theta_max_rad := 0.6981;
